== (1) Mon, 8am ==
3540724
4109312
4173770
4320379
4595398
5151183
6651024
7445426
7706017
8533676
9903815

== (2) Mon, 10am ==
1960578
2872851
3496932
3681928
4715833
6444704
8672236
9975611

== (3) Mon, 12am ==
1286774
1663336
2101863
2958117
3254756
4312160
5124049
5320018
5470730
5648561
5696056
5746334
6598977
7018760
7249512
8236632
8325972
8431012
9467032
9652144

== (4) Tue, 12am ==
1644015
2401692
3112134
3740786
3758294
3828356
4615016
4793139
5509849
5727390
6242463
6375403
6399633
7526382
7776203
8269876
8273274
8625574
8984483
9521104

== (5) Tue, 2pm ==
1099386
1425557
2164072
3339615
4300606
5475041
5911140
6188267
8793726
9327617

== (6) Wed, 10am ==
2394007
2838678
3967036
4264973
4343504
4363121
4633298
5226890
5359163
5988075
6010604
6217646
6447117
6742005
7036728
7055203
8597343
8810896
9094869
9448715

== (7) Wed, 12am ==
2936410
4447562
4637903
5790310
6457723
7708713
8511942
8553539

== (8) Thu, 10am ==
1879275
2112375
2138569
2819186
3074391
3579752
4555811
4716244
5385312
5499153
5853859
6508121
6868389
7483525
8417905
9354648
9406244

== (9) Fri, 8am ==
1774552
4380194
4841547
6306422
7561539
7973155
8075258
9192613

== (10) Fri, 10am ==
3591006
3743359
4682546
4791041
5300618
6892058
6997496
7084753
8243475
9187479

group member maximum: 20
preferences sastisfied: 121/11/0
